== PILOT REPORT (100 reps, all methods) ==
rows: 120 of 120 | methods: bag, bart, cart, dnn-2, dnn-3, forest, gbm, logit, nn-1, sl 
any NA ATE: FALSE 

# A tibble: 30 × 9
   method     p   bias emp_SE SE_ratio cover cover_trim   ess mins_rep
   <chr>  <dbl>  <dbl>  <dbl>    <dbl> <dbl>      <dbl> <dbl>    <dbl>
 1 bag       20 -1.05   0.627     0.42  0.16       0      565     0.01
 2 bag      100 -0.451  0.364     0.94  0.55       0.2     48     0.05
 3 bag      200 -0.152  0.458     0.99  0.9        0.84    70     0.11
 4 bart      20 -0.01   0.01      1.49  0.8        0.76  8843     0.01
 5 bart     100  0.008  0.026     1.37  0.64       0.48  6044     0.01
 6 bart     200 -0.009  0.033     1.45  0.9        0.88  6827     0.01
 7 cart      20 -0.014  0.023     0.72  0.45       0.45  9507     0   
 8 cart     100  0.025  0.033     0.87  0.19       0.19  9113     0   
 9 cart     200  0.031  0.046     0.89  0.64       0.64  9338     0   
10 dnn-2     20 -0.021  0.011     1.27  0.69       0.69  9352     0.03
11 dnn-2    100  0.009  0.042     0.8   0.6        0.52  6728     0.02
12 dnn-2    200 -0.01   0.071     0.79  0.81       0.78  4963     0.03
13 dnn-3     20 -0.021  0.013     1.13  0.68       0.68  9419     0.02
14 dnn-3    100  0.011  0.048     0.74  0.58       0.5   6285     0.02
15 dnn-3    200 -0.011  0.086     0.67  0.77       0.72  4586     0.03
16 forest    20 -0.01   0.01      1.48  0.76       0.73  9110     0.01
17 forest   100  0.026  0.02      1.36  0.02       0.02  9437     0.02
18 forest   200  0.021  0.035     1.16  0.55       0.55  9721     0.04
19 gbm       20 -0.008  0.011     1.32  0.79       0.73  9136     0.04
20 gbm      100  0.025  0.025     1.27  0.3        0.16  7378     0.24
21 gbm      200  0.002  0.038     1.18  0.78       0.71  7651     0.48
22 logit     20 -0.032  0.011     1.35  0.74       0.74  8830     0   
23 logit    100 -0.002  0.027     1.4   1          0.96  5276     0   
24 logit    200 -0.02   0.064     1.13  0.97       0.93  3340     0   
25 nn-1      20 -0.021  0.013     1.17  0.72       0.72  9259     0.02
26 nn-1     100  0.014  0.035     0.91  0.6        0.5   7200     0.02
27 nn-1     200 -0.013  0.066     0.77  0.8        0.75  5957     0.02
28 sl        20 -0.017  0.01      1.54  0.75       0.75  8877     0.04
29 sl       100 -0.002  0.023     1.64  0.96       0.8   5439     0.12
30 sl       200 -0.006  0.059     1.15  0.98       0.98  3675     0.21
